$ANSIBLE_VAULT;1.1;AES256
39343438636265353830663663333262346332666661323933306161633064613732633664303366
3030383837626438623262623433616636303663343233650a363037363339643839396465356263
38326537306630373733386165633161313663623361393331623038383564343036373839656462
3637633735633162660a623639373633383733656363613261326264643535363138613863346461
36633063636532383234343339353164626161383964366436373266643837333934323037323562
63363165643164393839623933326365373936653262383331646539323766386162353535636138
62656162643536343561663764336661663764633237353837376435666432353766353363616630
31613563633331303263303536623735643466653936303065653066646461626565316531633961
33643631656137326634623032646430373361343966346564316330323163336334393933316331
66613834383862353139326338633032663439643836393433623734383966373564353634653935
61396565616363353066353862316134393964653836626131303137383532653164373265353932
66376135666630326537313263353164623933366664646235666234393333366539663334396131
32623831346537353134353464373430626464333334646166386464346235663464306438363032
39656533383561333237393661653235643665633538303064626432633266643661383462383732
35623433363036616663646464303337336162343265336631333231316536336431646433636338
61383334616438653362356165643266303536383438323537393733653862303061663434383563
65353032353762613638333234356233643561383134626362396334376536393466666262323131
37313833616364646262323835633762363132313239623830613431303031653238356361383632
38323538336233663464383935303637356635666236313733643337393533363137653236666636
38623939363766633337353665386638313435343432393261303134313663383365323739396365
61333537346465643437663336333361316434386636303334643030643330353361353035636564
61303430323932636431663963636534376232353232623062626632316432326639393031323166
39326466663334666331383535653634363038656563313232386236383438646230616333663432
31393934343263326366663136623761646166643031373363616236393066376135383435656237
39323634346464653261386336663734633664306564656437613230613135313164623831376263
63313263656236316535393236343633663637373334666131303235313965623235663937366331
31363739643962373233643665636239383136633863363465643734373631383463376165333733
66653438386332663436386664306438616638373736343162643562313231306132383231323766
64366637356230363336353634623166643334613262323863383730326534353431396261306165
36373633353530396636326133336538616265363762396237376164613438663832333165363539
34666565626466323239386330363764656465363533643261393461323438303263626238626636
65326431373965643835633638353065636230316661613765356662636466343361356464653363
62353934353030373437316134386135613031373863663434383035316231353533663965373038
34616439656138363661363036623764373238386566386537373735346264306464393865653032
35616332383537616330323765646638353430373166653032386432623537636531306530356262
30323233386366313332303230613233366166386665326632386462383633623962343262643434
66366461376166303135323264313933376661383965626632613263656234333032323538303562
33326664613135656331333833323337346431363933626462623036343762333533373436633334
32396130333935616233323239613830396136353664353739373136353731663134313865376361
30613737353961383131643132633631313366363530373166346335636665626564343731333463
38633161656562343561373335373139383736303137316463643530616238356164633961323539
62333535363334633839306631616338636437373663303534363466633532636466663835633332
65386232396135643937333130376438383961363537313439333438623834663631643439306533
61383265613534623339613133636235333532653737656162383130396535333533643666343033
39323361313333356266623666313832653930316636383961623161353065633530393765323432
64383034316635303863653561383830303531653332376564313333353662393630633634353365
62313461396466613731306131313831343664663438333032613837356366323936653937333934
64366133346666663737366465663764346335333930333439306165636437306165373236383062
63326661333035663563363866646336363463373033303932353637653632616166386136373539
65353664333235616430303135346332333736363161356163326333626637366663646231303963
37666664303936623535353463313261373231356438306662353962346434616363613066646434
65313862313738653330383636633362396533303263333738613237623861373133613962346435
64313763626563626239376533356630656638333435336466623938323132383766646162333333
30333236366434323065633063396462363837646633303534386139663837396666633136333735
64356330313166336166643039336631326461316565616664643730373834313361356431616563
38353539623261643061393930353666363866656230633061666231323139353939323061396235
38396338623730343661386661353936353134343730396363656331636638636630333436383463
33326264353732396462393133666234643837353665323465333936663863663339343733653837
32616231333663333437323736363031393763616363323336396133613937333337346636313739
36346335386336623661336134363131323236656431656532626463353734343730303938663962
31633861613939653265653366333566336135336161633834353233613162646130316331623735
33613366383938636536383936363437646563623161366130386333663265316564303730363235
64373431373366363064646633383132346439336263623264356163626361333632313633343137
37333965323732393364373561643130306439313432643231643431636238346633343964616433
39386561653635363238316362303162636166323330333636316466303838396630323033643034
38633738626135623439626337643631656662616361613538333136343665613137326539663434
31333161396161636539346335613063653232396534363230616637326530333030363930373266
37363636343161636364333865323531393930633430336164626663326436393933326566356531
36623031353365346230383137613364303237666638623735386337636463393762353931613836
33393530333465303436646539626465623962643461356238326638636338613962366564613064
64633737643165326662333433333761306565623533646535663533653562646530336664663565
34623365633635333034316332373936346132616536633537303632613664353561376132323130
35306439396563633639616132653663393036656434383466646239316161306662356636613630
63333539373062363032646263313431333734613636616339343963393764663335306338373036
37343435316330376234343462633339663466386465646366336433363461646366653564366332
35653036373933646432633435613737626666366366356364616638316466356365306536363930
63386165323538383539363163623765646137626363326631333739303136366361656464363432
30316239323030313562626539383630373534643535336232663033326462303731383331376636
66636535333737616562613038386463346631323639333233636565623039323931363161323931
35376165653061626530646662653863376531373463383235626432393333323261663737346435
33326438646430353831623036356233353462346131613733303430303661363866326139353565
66393036613233376361363932333061326437656266613831343731363730663737393630313331
31366366356437393566346431383534386237373732636661383263373434646664303464373762
61393764373337383066663231393330376566333665383638313361363865643034663934656664
34366130333362383632653938343364346435633663323636353463613236336235653337363366
66633439656564656238653338333032386365656139323535623530656536303035353461316362
36303865656164643365363630383131343665336663323633323930396665663039363631353339
35646464643734666362336462306565356538616164376563643066383438356236343436376664
64613535643839376562626661363363653530346631653665353231333935336633393234306331
36346137643663393362353763323062616663653935386461303030623530643066666331383266
61343538663066333465653265336236323233323236333337346435336563323163663132316462
64316565396231306161626639336638313966613131303365626633623933343432363337363535
66653465643762316231336333343034646235323838646135386531653235386665336634376264
32333063323138633937333730393233336130643530333633326461336130396331623139343439
30633834303635383563653638306466343665646634336363636437633966643634343135323639
31636336626335623437373262633064633333643037633730326539336362633733646131356639
61643732386137363632383265636333303065383631613130616435663439386630303434616138
30333637643965666164353866306530653739633064303233336631346564323435303934343231
32373164343337666465356338353235366365333734343536333835363963343961303261323263
65313534363761373966376330653062643163376564643530386238343334336236333862613365
64346534316532633831663334393038646461656362636662356639623237313134656239663232
39373639303961636630396433343161393932336531343134623262383931656365303036326263
61353538363838336265666436613639616230376336636664376564663234356236656232383434
32356664613033633430346230646463643832613337346462616330303133353131343965313636
62363436316137333931333833356533356536616331333262386533376531663339366462366330
62386239333030623163383338333232373138336666353732633662653861613232633166393439
63303762333764376664383565663036376466616561386631376439626336633761643734643662
61393066323662323938323765316536323363363534663533373837383063656134373034336663
32346263633739366433303631393430313066316136323836393230626535343033396136623830
38663766623131356461353033613236663864396636616432323033346439396635633765366466
66373165393761373863303061333631646531663561663131363939336565663365353964363763
33316366326435346562643232353838323462373238336331376664353765626166323662663939
38333263356231353062306431373731323461336161393265363838636364343238636232663039
62393433323734356363636164656231613763396662323238313638616539353731656236393466
34376434666565663061313236626365653034323164663266373630613862393530323031666136
62393563356233613431303337633131636164343631616664663039396166633438373730356331
36356139366366393136363739663936613263343466383537633566346235313537353431396361
30303933653531656634326230323136336631336566343034306666373064623165326664393838
64626237653266343435383364636636613736363964653636656165333639383232393366303032
61396435363665626232646165613331663037313664383462373836326563323463323133316537
61323334343630346166666266396437333637653833656566336138313137313431623530663637
35376632383262386537376333363665366566386361373363353966333463336464316535343734
30353565393237356166626165373334386633323531663331656263313161646231313063633830
32313561346666316665356366363662333561336164636162363137306533313761623366333537
63303961363662633638386361623236393237376561303837373163316633313762623662306336
65613930343062613639353639376462346139363539393466373965393134346363393938353733
61656435656234613831376161303630613435353066333930356537333765613133303263633133
38663737386161613538386565356239663138636438316338663866396435383135333838376230
33376332613864326530653833373338623132326534306166383733313361326266626265373264
37333835646539393435643135623666663763623439316664346138363766333531663834653762
37396330313964393636366564386333656462383534623232653639336638326164333961643435
36316437653933633138653362306462623935643361616634376432653637616238653562363732
61653836663163316232353763663832313233376263333739333938646632623835633734333832
66336163656365313936643335363564613666663632343837333333626638386366313435386635
30306335613433343861376432656336346134376136323430616431633835363161356261636162
35643133313234663932646634346637356161663438613434656337356234663735643361633133
35333166616563616261303761643935653235323366663462383662316534643533386132386238
63663234383635313862666564373337386435643134626565386362613561383330643864303636
65333263373762623739666330386436353561383630396439373066656131373334373932616366
32376236626335383764636362343361336337646566316630326666376661323265343733386330
38326232636362303437316237323831633032343266366261626339306230323565373734636431
35646236643730656531373439653762343539373334316564616338616461393863343939663933
34326439633762346439353331643535646130613533646438393235326631306234353233313062
39306437353430373464373164383562373637643361626534623561376339333332613533313666
32613166333462656439366162353663396462613339323139386666326632653633323630656631
33396538653533386632366532323135613163353038653335326333613263313665663562386136
34626431326237666339643137336461383136326135326539313564353138326338613334383362
32336262623062616237666431313236366437626661343163306264623430633532643437336363
30646363373837663062653636313065306332626530613166663261363766363139396439323533
63363530663962383238356266373462663562356435363837346232376231356365343730663730
38343836326135376435616166303961653037353434303631656532313366646366336333653334
33323661396664376630633437356237373131623539353837386231633538663532333937316363
33383838366662363361316136616439366139373537626336656535663962393666666637643131
65366535313830343564306666346665646666346534356535313837373762326433626235613832
65353533373038386135613031353463643239376534393530333138333036663234346632343432
66373835363661316134613763613237323938383261353732366664656462366434303761393837
31313539383738393432633663643036646239303137383831383463633364386562646239626664
65346332643734626339373139663463663136333666343265636232333463333864323431393039
36303365656465333766366238306339326434373964366632636563643231373836383838323066
30363463626263346162633935643630663166336532623732303265343365653437646634353261
35373931303538656234323931376265323864333664663539653133343035383066633964663739
62333635303137333464313035363161653037346138653562376337656638303836653036376232
38613131653333623838613266343137613461356637626531376133303365646663363830303364
65363136393862356238653739393965623131363462646564356630316463323634336139666330
64303266633331366638663366336231643461326131353664386166383661326432626364373630
66353933633861393535613832323566623236663165323335633731303937383431653061303632
38643537356337326461396237376231343661386138343164313763653039663465343434393166
32623362383138643765396464303231333733633239623965383036363666323031393237613134
36613061313734623638656661313936363638356432383961386636663739366531373033346639
37343039356637306664313339656163373363663364633634626638303165343938666230393438
35633963366636666333323162326134643732386638316534383635613866303839363237303530
32356530623865363461363235366636303032313333376464303034636535353362316133626533
32373861646532623463333234336435386335386438636631643733363234373665366239383935
6465356663663138656561316130386161653332666337396463
