$ANSIBLE_VAULT;1.1;AES256
64623834633836663732346535343065323962396262326632316539373432376437353633653764
3866323639636232323238333534626338613738613362360a633966316133346433636330643638
32353635336162663939353330373934313566653765353737646433363362346436343631393763
3064613237636438300a316332643032626333373131336638326133303162323562313566313338
61613265383265346431393430663831376432663364373437363737303332613930306637663335
61323964373965623739333535333931633132393234656564303362313161343664383731373936
62363135373937313537313833356530363764333433663266363533643237613531613865323863
66393136626535633462623464373336633363396161633133346637356664373737633034616338
61373332656231303532653761613335616462343666636534646433663738653139373664386433
32343434353933333263656163396333383630326231663534666565373632656533666637343266
30356638393566663038633932626130343537313562633138363765653765336137386437343562
38313833376230303635306435326661333361386632653131336234353039313333343035333735
65613566313265616339666434333435393132386436666535373439303936313831663765366164
63333137363836336337313631326230663366336533323462393934316266386366386533663536
36313161366330313265666462653938613738333833353461343764353263356366316239353332
64616535356265643463656338336133323331323634663037383135303164653233626466376166
62333630346132616462353736353038393766613163623364353262663936626531333438643734
37653239653038353264363765303665313762343033623230363063333537393165313737623663
34613535386663663864643535626236353237333330356265616438363633343836303734636462
31393962356436303461303633373464306265356338323666626635666366626262663436313932
61613032326463653935363033303361646436633061306366643266623834643264346362373939
39613039363366343466313131666665356464343739366662383838396631653864333331393461
62353566343634643065366430383132316437653336343438633163383936333237653133323862
63303964323934623365653234316330626232383633613032343835623764396139376162386230
32623437333531653161333162353263626331346264336363313239653561363066326365323331
38386231353232386565663638313862383938646231386161666466653536373962313036353233
65366239323864373366633930326431393032333434363033363035646265656137663864626138
61343139316565313236386564643032333064626238636539306461616666353063363664666462
36313931376438376538616163376137396434343665613033343661326437303264376237643435
36623436386232616230386635326133616236616639666339383766376531376338323334316532
31613732303637313537633532353738633736353434363361656332366663613031336333656562
37353738313031323162363935653964323034383439353936373035303861323034626365343235
30373162393937313030373131633435396532313033313165363239366662613239306330313637
62633434363433663232613230303937353031666662343465393030303837386662366537376333
37626661303031346239326461643936653361396238656331346539633766633939383535393462
38633436623738616566383363383730353164396239313662646266323965623433363061316237
66653432623161633732366561326137646464306564333937333466396361303866656534623334
34383234643636346535636661333166316664616234313831663931393032643331643565666431
65326532323964306166346334646234393637383030303238616136386461323565616134616466
39336466343933653162333232386464366230356463353466376530646238656365373433616333
62623462303462623762643033656238656637393437396564353463373666363563386533643132
30653932353031666133633039333762616131663738323934343930303265666333393863323263
64633737356435643162323935653162616534353466303035393934383635326238366236666366
61616239366166633338376639643833386137646261393561633431666266386532613739656564
35376165316666623561343039363638343333363533376237396662366361383861393266306536
39326633373264613966613164373232303132323361343137366337626637333762313663333862
65353166613138633338363663393365313032663166616263316433653963386539633361373666
62376364363738373764336663376336633366343965323231373032626234373330303237356332
38353531393962393163343030346262353330336134353431316461643635343837336462636236
38636533623135326265313736653532366631613037343530633737616331623732376237303530
35363937626261383136376639623532613638346432383761356564333061346662303665656331
32663933383463653435353765336166663138393063626661346339653265366664353165623630
34396566626165643933393139376365353366636234303336356230373636306463353961623236
62316361666364303432613264653661376162396462376262393834303030383461356562306330
38316137303232333764336266613731396231383264666336613433303566656632326430653165
31323730626366303762666634643461373036306363366162643765386565326237393734306232
64343337313937633265326334393532646439313932326232336464393639343631643438353966
62333966666636363437656331333063653739613537656661313033393462303133653639616466
62343464383937313730393339323535636437653364666536313865653961333430616430636564
34613765636432393731313838653039633363373165613634313538616364646332613565333734
33303763333235326365306365313531306534306664633261643466363139303737336439643364
33616463613836323665313362343338653934396464336339336136666466306431633036393662
33366338313134383139336563653664313031343363613134633066613536346334313062633437
64333436626566326331303735653061333433663835666465333235633563633465666232386464
36666134356434636331626133343533653732636337653632633739393764393437636136313037
38336464313136313534346565636532613939633837623162663763613164303631306635326536
61326564623336386337663134613466643864316438373435623238343137383961653561363563
65636163616533396538633364336136366165303530353864366661636436336632646134383137
32613534623363656665313161396165643064316433666333653966376433623731623737373430
66356462663362393337373032643363623565636531623331666236653565626262393931623865
34306336373665613265616165383661616133373839303966363064373534343539326336363064
34643238306231623063303932316464633863343462383661663332616339663437636638316431
37633938616239393661323861633562313831376661313664613963326436663533616131633033
30376564326165633337376132663164366430346230366433613531336130363533343137616337
33663734303261616362336166323938666637623635306137626363383265316134353738613735
63386466396433383733346163646534343834323730343766346538383434613831393933376234
32643933613134383361336139663338653462396564323939653138303235346438343835666134
39383530306434633765306133633636373437353439373566383061646262333862353635663366
63616465663137306135633262333962393536306161653062383832356365653635393139306566
32353139646336363163366331343537633461346164373135393130316636313364376231316265
30626565343434326535313131353132326632306439393532633130363339313334656433356661
39353864343933333262623030353830383366353364616338643161356630663230646236316565
66663962356137373066393032626663373133633231343233646634653365613037343136313261
64343661373533373864643665643330366466363038386236393735303861373531653361653233
37323138363438356264303239386363633339613936643539353938303838623465643336373932
37366437623734326436363033666264393739363065636638313436623934393639376537653631
32646263353731633036306130303830666239313965636536356436326639356133396235623431
62313930363735393738623336653234626633613130613931356331323366663563336632656338
36393438636133396164336438663937643739386430383738396633343464373333353036346264
62353038643666613430316264366365303965656264643436366434363036663732303363376261
37336538626531623565653034353139353438656533303166666461626634343536626338626432
31303836386130653436393063303664386265346462363966363137366561393466336431396265
66333662626635666230633233366435356362653139313938353435333462663237663635616139
63353431346664313066363263353165366661306233303066653063656232373766393734653063
36366465616362303031323464333535383238366362366163653332623337383466306232646234
64653061346532626333623336623130623132396636333235613330636534353233663763326535
32633564636331656562613764386336336633396361613635376530303664616561333764626334
34623466636431336131333734363237323461643739633263666366393438656536386431363162
65623232643965313664633965343965336261396631316136616664393132396639663461333262
31613033666366633861656634656135643435653537323964356163323665313439333766366166
66626139663933346363363064313637366665656466633933303565323536613831373534353363
30656664343337303761653137613464326439646135373638393330346539396663386239313236
63636131656232313035643231336231643737306637316333306338623364623433323031653761
36353032346562306462393638636464396133646462653132666161396430333637316632353433
38363366636238663266373739663162353634363134353230633637333536616139656336643265
33396634313538356534313437316339626665313134613238633434313262666630653336316336
39396163356562383337336335373763636336626235333162306461623862646339366139663961
38623962643462346232383039383532643637653766656333323834343537363733343365656632
31313539663834373736316536353738646432653765623230313633646539356236656137653130
30613039346264343963623834653336353930343361323032646339383636666232613334393366
63616632316565613362323061343938663037613438323234383636353138386236623232623666
34653066366566313262633531323462646235323164333130313264623131316463326238386337
31373162343134373062383062303234386266653738353134656230363734396337373835643832
39613366666363323734333166396365303335343466393663306663316232663835656261373162
32666239356231646138363966346334666261623031643437393365346162366534336135336232
38313665366563326664633730663631366133383234333935373461386339353861616466656333
37346433326462346534386334656632663934396130356231373065663538373836663530643235
65333362383334326130663264643064366136363961366533343434316161386539623838333065
35626235373761633766626163336237356261316266313463363265653539656365663536313363
32376433633062316661613662373539396330303634386338373634313736316135313732633266
64363639616334393034303365643430393732626261353063396530393662656162356236663335
31306232393433303332626539353139393938306638356135336634663738343537656163613933
31656531633163653336633364636364303762666138663833346232366237346363353831386666
35656536373037393035643261303939363037656438363936376166643138613834623138303564
62653434353839393334323833663865393131613364313661323565306362353437396134633666
36313431303739633262303863386239396230366330636266313231343834623532393137353134
30626236373330386337316566363638633239356163646235653030303064393132616164323031
32303866366136616238373837653233333664363436666364376162333934343535323966656364
35396338373566303338323834383561323836386562383337613030646665343164333832373031
62613665633239323766333932373863643938373738626261613163653030356664393036633230
30353964376465623961353639303234353161333830356266363062333638653138643037316465
61313066303134376161363264303736343963663338373537373363663733356564383435313431
34386463653665303266303365396237633232643733623633353635313834303631636564383739
63333466646362643262663834306439626165376665383335613338326463656637383762626331
33383665643762383463633538616662663336373338316465366439646338313937303434306462
33383461633036383665316364393534326565626165366333666662626631643634613031343239
32616565343935343330353763336636353061393731663439623035343264306138333061396662
35626166616438323362333263333038656663656335663639333937336533353034363835333333
32653637383432306236343739313366363237336562383739633638353831643765396166333632
39333431343738613464623733313566333163666130393164666237383230643838613962373833
33336534656232366136326661616639393666643538623938343335383835346362313134383462
61336561663839633339656263326431396433333437363836363039363835396262386436356231
37663263656262383733623636343532656439363234663731383365336265383365633634316138
39633865653630666630666135646534336237343431333366666539376462383566333462636639
63663264393765643833393737306161333731343834373039373762653562346433323437336563
39333132376264626130383439353436303966613163633665316332656633366664346232356163
32636439303732343466316232613362316534306434613062643630356338353864316235666434
65306334353664303633373663636166323636656138646463396132323235623431303934396336
65326165373665303832383263623061343365323235663563353564376134313866373263313433
33363765323931393934303236313536306333363833643538323832626636636563373833633434
34306534656530353965396636333063666438626538313162303636383437396164626263666165
32633265383463613832346166393939643266346461393165623061353765303965666364623665
34343339363965643866326464653236393964636538353264633734313839633738626566636439
31616336343438323266373638613030623336613735653933333336663465633136376439626266
39313736646337363531353338313564313865613130373865663434633662613062363037396263
38326439383232636138656261613135313939663766383935356361303036303764333536373363
64623438623731386135333737383161356131616235326135323239666333636361383531386132
65633065333134336631626439656362383037333432333661316533666264653566333437633938
30346335376635373137323566383033333364336661646534323363326633666235636630313739
61656231393264376666336135303666636262386330616536373036313637396431633363393539
63663366316239666533313463643836316365313862323633323434636334663466383863343838
30386138353735656666363266373665373134666430623333356639666339623035623434613230
31356164646462656137303039353964643933386233393062396533643231323061376562386666
37303930386339346636303964303265643936356263313939333538313135613839353636313730
66326338633138663432623663303936626262306334623664616636373461613931343666323965
31643564393735646632306532393134323031623761333034303234396332623366623765323632
32313163356136336632373531643035363663666335646332356331653537353733396431393837
62653461313261663735633961363430663130366631376266376231363263613333636335616437
32326663376133663937303633336534333265343266303030653662366538313038336465393232
33333664373336393139656334663766393537336138303464663232326630653161393339316330
64636462366566336231343833656636623331613431323934323461366632396239643062393230
37396436316665626131396534616563346661356465326436346135393336663936326332356238
34613930623662303535306566353463623233656533663962383431323037643061393765353934
6164353463373532333361323561636633343563633136623565
